0 0.170769 0.286693 0.076923 0.146085
0 0.442564 0.218215 0.060513 0.107738
0 0.489231 0.364300 0.075897 0.144259
0 0.642051 0.153390 0.045128 0.091303
0 0.815385 0.286693 0.067692 0.109564
0 0.578974 0.013696 0.021538 0.027391
0 0.634872 0.094955 0.036923 0.062086
0 0.608718 0.066651 0.037949 0.063912
0 0.698462 0.017348 0.024615 0.034695
0 0.713846 0.025565 0.022564 0.043826
0 0.754872 0.040173 0.026667 0.058434
0 0.785641 0.051130 0.032821 0.062086
0 0.812308 0.094042 0.032821 0.074869
0 0.891795 0.106825 0.037949 0.082173
0 0.932821 0.140607 0.040000 0.083999
0 0.945128 0.082173 0.031795 0.062086
0 0.902051 0.199041 0.054359 0.098608
