1 0.095385 0.361538 0.026667 0.052991
1 0.114872 0.352991 0.020513 0.056410
1 0.231795 0.362393 0.030769 0.061538
1 0.258462 0.345299 0.024615 0.054701
1 0.351795 0.356410 0.030769 0.063248
1 0.367179 0.332479 0.026667 0.042735
1 0.468718 0.355556 0.032821 0.068376
1 0.584103 0.357265 0.035897 0.068376
1 0.592821 0.303419 0.032821 0.059829
1 0.707179 0.351282 0.029744 0.063248
1 0.725128 0.270085 0.030769 0.061538
1 0.814359 0.352991 0.034872 0.073504
1 0.803590 0.284615 0.033846 0.049573
1 0.912821 0.284615 0.028718 0.056410
1 0.928718 0.341880 0.033846 0.058120
